x: 0.435, y: 0.25
x: 0.5325, y: 0.25
x: 0.5325, y: 0.2685185
x: 0.435, y: 0.2685185
