latitude: 46.727485
longitude: -117.014185
