Vols <- c(2,30,38,13)
VolsAvecViolence <- c(7,20,36,3)
