Air49 <- c(112,118,132,129,121,135,148,148,136,119,104,118)
