Vols <- c(2,30,38,13)
VolsAvecViolence <- c(7,20,36,3)
Crimes <- data.frame(Vols, VolsAvecViolence)
Crimes
      Vols VolsAvecViolence
1    2                7
2   30               20
3   38               36
4   13                3
