ViolationsPaix <- c(2,3,3)
Meurtres <- c(44,51,17)
