> Roubos <- c(2,30,38,13)
RoubosViolentos <- c(7,20,36,3)
