> Robos <- c(2,30,38,13)
RobosViolentos <- c(7,20,36,3)
